29400
30200
30400
30800
31200
31000
28500
27900
28300
30000
30400
29700
29800
30200
30400
30400
30500
30300
28000
27800
28100
30400
30900
30200
30400
30600
30700
30600
30900
30900
28300
27400
28000
30000
30500
29800
30000
30600
30600
30600
30700
30600
27300
27100
27900
29700
30200
29600
29400
29900
29900
30000
30100
30000
27800
27300
27500
29800
30400
29800
30300
30600
30500
30600
30800
30600
27900
27500
27800
29600
30300
29800
29700
30000
30200
30100
30200
30300
28400
27900
28200
30300
30700
30300
30500
31000
31100
31200
31500
31500
29400
28900
29600
31700
32300
31900
31600
32300
32500
32100
32300
32400
30500
30200
30700
32300
32900
32100
32200
32900
33200
33100
33200
33200
30900
30700
30900
32700
33400
32900
32500
33100
33600
33400
33900
33900
31800
30900
31300
33100
33600
32900
33200
34200
34400
35100
34900
35100
33200
33000
33400
35600
35700
35600
35000
36000
36500
36200
36800
36500
35100
34400
34600
35700
36400
35800
35200
36300
36500
36300
36600
36200
34200
33600
34400
35900
36300
35400
35500
36100
36300
36100
36400
36700
34500
34700
35100
36300
36600
36100
35500
36600
36900
36800
37400
37300
35100
35100
35600
36800
37100
36400
35300
36400
36600
36300
37200
37000
34700
34400
35500
36400
37100
36200
35700
37300
37900
37700
38000
37300
35500
35700
35500
37600
38400
37600
37200
38600
38600
38300
39000
38300
34700
33900
35300
38100
38300
37800
37300
38300
38600
38600
38700
38700
36000
36300
35900
38600
38800
37600
37700
38800
39200
39300
40000
39400
36600
36600
35900
38300
38800
38100
36800
38700
39000
38700
39000
38700
35800
36000
35600
38100
38500
38100
36600
38800
39100
38700
39300
38400
35600
35800
35300
38200
38700
38300
37200
38600
39200
39000
39100
38400
34800
35300
36300
38800
39100
38700
37200
38600
39600
39600
39700
39000
35700
36100
36200
39000
39600
39500
38200
39600
39900
40200
40700
39800
36800
37300
37700
37500
38200
37900
37300
38300
38800
38600
38900
39000
36400
36300
36600
38300
39300
38900
38500
39000
39100
39400
39800
39800
36800
36700
37100
39200
39600
39400
38600
39800
39900
39400
40200
40100
36500
36800
37400
38800
40000
40200
39600
40400
40500
40100
40900
40900
36900
37200
37100
39500
40300
39800
39600
40500
40500
38900
37300
34800
32900
33400
34300
35400
35300
35300
34400
34900
35500
35500
36000
35600
33500
33200
34600
37000
37300
37100
36800
37100
37400
37400
37700
38000
32800
35400
