6.4
6.2
6.3
5.4
5.1
5.5
5.7
5.5
5.6
5.6
5.9
6
6.4
6.1
6
5.3
5
5.5
5.5
5.4
5.3
5.4
5.2
5.5
5.8
5.7
5.5
4.8
4.6
5
5
4.8
4.4
4.5
4.5
4.8
5.2
4.9
4.6
3.9
3.7
4.2
4.3
4.1
3.9
3.9
3.9
4
4.4
4.3
3.9
3.2
3.1
3.3
3.6
3.5
3.3
3.3
3.4
3.5
3.9
3.6
3.3
2.8
2.8
2.9
3.1
2.9
2.6
2.9
3.1
3.2
3.5
3.4
3.3
2.7
2.4
2.8
2.9
2.8
2.7
2.7
2.8
3.2
3.6
3.4
3.1
2.4
2.2
2.5
2.6
2.5
2.2
2.2
2.3
2.5
3.1
2.9
2.7
2.2
1.8
2.2
2.3
2.1
1.9
2
2
2.4
3.1
2.8
2.7
2
1.7
2
2.1
1.9
1.7
1.8
1.8
2.1
2.7
2.7
3.3
8.4
7.8
6.9
6.1
4.5
4.3
3.6
3.4
