13.6
13.1
13.1
11.4
10.8
11.5
11.9
11.7
11.6
11.7
12.3
12.6
11
10.5
10.4
9.2
8.7
9.6
9.6
9.4
9.3
9.3
9.1
9.6
8.8
8.6
8.3
7.3
7
7.6
7.7
7.4
6.8
6.9
6.9
7.3
8.8
8.2
7.7
6.6
6.3
7.2
7.3
6.9
6.6
6.7
6.7
6.7
8.7
8.4
7.9
6.4
6.2
6.7
7.2
6.9
6.4
6.4
6.7
6.9
10
9.2
8.5
7.4
7.1
7.6
7.8
7.4
6.8
7.3
7.9
8.3
9.1
8.9
8.6
7.2
6.3
7.5
7.5
7.4
7.1
7.1
7.3
8.5
9.1
8.7
8
6.3
5.6
6.5
6.6
6.4
5.7
5.6
6
6.5
9.9
9.3
8.9
7.1
6
7.2
7.2
7
6.3
6.5
6.7
8
8
7.2
7
5.2
4.5
5.3
5.5
5.2
4.6
4.9
5.1
5.7
7.1
6.8
7.6
20.3
18.2
15.8
14.3
12.4
11.2
10
8.7
11
11.3
10.9
9.9
9
8.2
9
8.7
8.3
7.1
