71300
73500
73700
73700
74200
73400
71300
71600
70700
73700
74100
74200
73800
76900
76800
76300
77000
76000
74300
74600
74200
77400
78300
78000
75800
76400
77300
77800
77900
77200
74900
74800
74200
76400
77400
78000
76100
76500
77000
76700
77000
77000
75900
75600
76000
79600
80000
80400
78400
79300
79900
79500
80000
79800
78300
78000
78000
79500
80600
80700
78900
81300
82100
80200
80600
80600
77300
77500
76500
79300
80100
80400
79000
81400
80900
81700
82100
81700
78300
78500
77800
80800
82300
82700
81700
83500
84000
84600
84700
84900
81700
82200
81500
84200
85200
86100
84800
86900
87700
87500
88100
88000
84600
84400
85000
87300
87600
88900
87600
89100
89800
88800
89500
88800
85900
85800
85600
88400
88900
88600
88800
89400
89400
88300
89000
86100
85900
84900
85300
88100
88800
89500
89700
91400
92600
92100
93200
93100
90800
91900
91900
94800
95700
96500
92200
95200
96200
96300
96300
95900
92900
93000
92900
95400
96700
96800
95200
97400
98200
99200
99800
99300
97900
96700
96600
99400
100400
101000
1e+05
101100
102300
101800
103000
103200
100700
100600
100700
103700
104700
104900
104000
104800
104900
104400
104600
105000
103700
103800
103800
107100
108600
108900
107200
109800
110600
109900
110600
111200
108100
107800
108100
110400
111700
111500
109400
112200
113600
111900
113700
114700
112800
112400
112600
116300
117900
117900
118900
121600
122100
121700
121500
121200
117800
121200
121200
122800
124300
124300
123600
125100
125300
125200
125900
125400
121900
122300
121300
126300
126500
126800
125100
126100
126200
128500
129000
128600
125800
125600
125000
128500
129300
129900
128700
130500
130900
129700
130200
129300
126100
126700
127000
132000
133700
134000
133800
136900
137500
137500
137900
137000
133400
134900
134600
139400
140800
140900
140700
142900
143700
144400
145300
144000
140700
142100
142100
146300
148200
147900
148200
149900
150300
151100
151700
150500
147300
148000
148300
152900
152600
152300
153400
155000
155900
156400
157300
156500
154700
155200
155000
159700
160200
160000
159600
161900
162200
163600
164400
163400
161200
160800
161000
164700
166000
165500
166600
169300
170200
169100
170200
169700
167200
166800
166100
170700
172000
172300
170400
173300
174300
173300
173100
174000
170300
171600
170200
175900
176900
177000
176200
179000
177700
174700
176100
175500
171600
172500
171300
176100
177300
177800
176600
179700
179400
164900
164200
167300
165700
167000
169000
170600
172000
172800
