8100
8700
8600
8600
8400
8200
8000
8200
8600
8400
8800
8500
8000
7900
8000
8800
8700
8600
8600
8600
8400
8400
8400
8000
7400
7400
7600
7900
7900
8100
8100
8300
8400
8200
8100
8000
7700
7800
7900
8000
8000
8000
7900
7800
8200
8100
8300
8400
8200
8300
8400
8700
8900
9100
9100
9100
9300
9200
9000
9200
8700
8800
8800
8800
9200
9100
8800
8700
9300
9300
8900
8800
8700
8900
9200
9300
9400
9200
9200
9200
9500
9800
9600
9500
9100
9200
9500
9800
9600
9700
9700
9300
9600
9600
9600
9600
9400
9700
9700
9400
9900
9800
10000
10000
9900
9700
9600
9500
9700
9800
9900
9900
9800
9800
9700
9600
9900
10000
9800
9600
9600
9800
10300
10200
10400
10100
9800
10200
10400
11300
10900
10500
10900
11200
11400
11500
11600
11600
11100
11100
11300
11800
11800
11800
11500
11700
11800
11900
12000
12000
11400
11400
11400
12000
12000
11800
11600
11800
12000
12200
12400
12500
11700
11600
11800
12300
12300
11600
11900
11900
12200
12500
12600
11900
11800
11800
12200
12600
12200
12300
12200
12300
12600
13000
12900
13000
12100
12100
12500
12700
12400
12500
12100
12400
12400
12700
12600
12200
11800
11900
12600
12800
12900
12600
12500
12900
13100
13200
13300
13300
12600
12800
12900
13300
13400
13200
13100
13400
13600
13600
13800
13700
13200
13400
13700
14200
14400
14400
14000
14000
14000
14100
14100
14000
13900
13700
13900
14200
14100
14100
14000
14000
14100
14200
14200
14000
14200
14000
14000
14400
14400
14300
14300
14400
14400
14500
14100
13900
14000
14000
14000
14200
14200
14200
14000
14100
14200
14500
14700
14500
14300
14200
14200
14800
14700
14600
15300
15400
15500
15600
15700
15400
14800
14700
14800
15900
16000
15800
16100
16400
16400
16400
16400
16200
15400
15400
15700
16700
16700
16400
16600
16700
16700
16700
17000
16600
15600
15400
15600
16800
17000
16700
16700
16900
16800
17200
17400
17000
16100
16100
16900
17600
17600
17500
16900
17400
17500
17500
17700
18000
16800
16800
17900
17700
17600
17500
17300
17800
17800
18000
18000
17700
16900
16900
17500
18100
18200
18200
18100
18100
18300
18500
18700
18500
17500
17400
17800
18300
18700
18700
18500
18800
18500
15100
15500
16100
16100
16300
16600
16900
17000
16700
16500
16700
16200
16300
16300
16200
16200
16200
16400
