17300
17300
17600
18100
18200
18400
18500
18400
18600
19200
19500
19800
19000
19300
19300
19600
19600
19700
19900
19900
20000
20400
20500
20400
20400
20600
20800
21000
21200
21300
21400
21100
21600
22200
22400
22500
22500
22700
22600
22900
22900
22800
22100
22000
22500
22800
22900
23000
23000
23300
22400
23600
23700
23800
23900
23900
23600
23500
23300
23400
22900
23400
23400
23800
24000
24000
24200
24100
24300
24100
24000
24000
23500
24000
24100
23900
24000
23200
22900
22600
22800
23300
23300
23000
22600
23100
23200
23400
23700
23400
23100
23100
23100
23500
23600
23100
23000
23400
23500
23700
23800
23700
24200
24000
24600
24300
24800
24600
24100
24400
24200
24100
24400
24700
24400
24400
24900
25000
25100
25300
24400
24600
24800
24500
24700
24800
24600
24800
25100
24800
25000
25100
25100
25400
25300
26000
26300
26200
26100
26000
26300
26500
26600
26600
26100
26300
26600
26800
26900
26800
27200
27100
27800
28100
28100
28000
27900
28200
28500
28900
29000
29300
28200
28200
28800
28900
29000
29200
28300
28600
28800
28900
28900
28800
28300
28100
28400
29000
28800
28800
28700
29100
29400
29600
29600
29700
29400
29200
29700
30000
30100
30200
29700
30200
30200
30400
30600
30500
29900
29900
30400
31200
31300
31600
31000
31600
31900
31700
31900
31900
31500
32000
32400
33200
33300
33400
32800
33600
33400
34000
34200
33700
33100
33700
34500
35000
34900
35200
34600
35100
34900
35300
35400
34900
33600
34200
34800
35600
35700
35900
34600
35300
35100
36000
36000
35600
34800
35000
35300
35900
36100
36200
35600
36200
35900
36300
36300
35600
35300
35800
36700
37200
37500
37600
37300
38000
38100
38300
38400
38000
37100
37600
38100
39000
38900
39400
39300
40200
40300
40500
40600
39800
39100
39900
40300
41200
41500
41600
40600
41600
41400
42100
42100
41400
40400
40800
41400
42500
42600
42600
41800
42700
42600
42800
43000
42400
42200
42300
43000
43900
44100
44200
43300
44300
44100
44600
44500
44300
43600
43800
44300
45500
45300
45400
44100
45100
45300
45500
45900
46300
44900
45600
46600
47100
46900
47300
46400
47300
47700
47600
47300
47400
46800
47800
47900
48600
48400
48700
48000
49200
49200
49400
49600
49100
48900
49500
49800
50500
50800
51200
50600
51300
51500
44800
46000
47000
47200
48000
48300
48400
49600
48800
47700
49100
49300
50000
49400
49600
49200
48300
